noise_type,N_T,A_T,lr,ewc_lambda,zeta
brightness, 0, 0.807100,0.000000,0.000000,0.000000
brightness, 5, 0.832700,0.000010,1.000000,10.000000
brightness, 100, 0.828400,0.000010,1.000000,10.000000
contrast, 0, 0.192900,0.000000,0.000000,0.000000
contrast, 5, 0.383100,0.000010,1.000000,10.000000
contrast, 100, 0.722800,0.000010,1.000000,10.000000
defocus_blur, 0, 0.531600,0.000000,0.000000,0.000000
defocus_blur, 5, 0.692800,0.000010,1.000000,10.000000
defocus_blur, 100, 0.807200,0.000010,1.000000,10.000000
elastic_transform, 0, 0.723000,0.000000,0.000000,0.000000
elastic_transform, 5, 0.699100,0.000010,1.000000,10.000000
elastic_transform, 100, 0.723700,0.000010,1.000000,10.000000
fog, 0, 0.512800,0.000000,0.000000,0.000000
fog, 5, 0.596600,0.000010,1.000000,10.000000
fog, 100, 0.732000,0.000010,1.000000,10.000000
frost, 0, 0.683600,0.000000,0.000000,0.000000
frost, 5, 0.737700,0.000010,1.000000,10.000000
frost, 100, 0.751000,0.000010,1.000000,10.000000
gaussian_noise, 0, 0.592600,0.000000,0.000000,0.000000
gaussian_noise, 5, 0.714000,0.000010,1.000000,10.000000
gaussian_noise, 100, 0.728400,0.000010,1.000000,10.000000
glass_blur, 0, 0.600300,0.000000,0.000000,0.000000
glass_blur, 5, 0.637800,0.000010,1.000000,10.000000
glass_blur, 100, 0.622100,0.000010,1.000000,10.000000
impulse_noise, 0, 0.383500,0.000000,0.000000,0.000000
impulse_noise, 5, 0.586600,0.000010,1.000000,10.000000
impulse_noise, 100, 0.595000,0.000010,1.000000,10.000000
jpeg_compression, 0, 0.798200,0.000000,0.000000,0.000000
jpeg_compression, 5, 0.785600,0.000010,1.000000,10.000000
jpeg_compression, 100, 0.774100,0.000010,1.000000,10.000000
motion_blur, 0, 0.599600,0.000000,0.000000,0.000000
motion_blur, 5, 0.688600,0.000010,1.000000,10.000000
motion_blur, 100, 0.756300,0.000010,1.000000,10.000000
pixelate, 0, 0.661400,0.000000,0.000000,0.000000
pixelate, 5, 0.748400,0.000010,1.000000,10.000000
pixelate, 100, 0.763400,0.000010,1.000000,10.000000
shot_noise, 0, 0.622800,0.000000,0.000000,0.000000
shot_noise, 5, 0.726400,0.000010,1.000000,10.000000
shot_noise, 100, 0.733200,0.000010,1.000000,10.000000
snow, 0, 0.731900,0.000000,0.000000,0.000000
snow, 5, 0.734700,0.000010,1.000000,10.000000
snow, 100, 0.761400,0.000010,1.000000,10.000000
zoom_blur, 0, 0.594200,0.000000,0.000000,0.000000
zoom_blur, 5, 0.746200,0.000010,1.000000,10.000000
zoom_blur, 100, 0.780400,0.000010,1.000000,10.000000
